20133
19240
21415
22012
20214
19259
20095
21253
19062
19739
21512
19119
21075
19615
19704
20850
19399
19526
20737
21059
21814
20516
19992
19992
21814
20435
19259
19062
21750
19372
19224
20990
19500
20133
22039
19895
21415
20052
21733
19330
19810
19968
19569
20516
21512
20737
19712
20397
20893
20370
20010
19631
21270
19330
19640
20117
20630
20699
19810
19283
20796
22217
21873
21199
20370
20290
19755
21270
20710
20052
19810
20516
19739
21679
21032
19933
19259
22357
21890
19933
21075
20753
20699
19593
20419
20893
21512
20990
19747
20419
19089
21172
19054
19526
19658
19348
21539
21750
20656
19755
19143
19810
21512
19755
19810
20656
19003
20354
19810
21474
20656
20095
20834
21296
19119
19437
19216
22098
21059
19810
19810
19810
22039
20796
20516
20516
20516
20516
21253
20273
20451
20850
19810
20974
22411
19810
19933
19186
20958
19607
19038
19402
19984
19020
20516
20478
19810
21610
19321
19194
22373
19844
22217
19178
19852
21954
20516
19402
22411
20737
20516
22098
19275
22071
19534
20591
19810
21750
21458
19356
19607
19755
19259
19100
21954
20877
19704
19593
21890
19763
19879
22276
19259
20435
19348
22438
20915
19402
19755
21555
20370
20915
19364
21490
19828
19291
21512
19500
20095
22217
19470
19518
21512
22373
20214
21253
21610
21393
19399
20516
19810
19291
20931
20877
20915
19747
21113
19755
19933
19399
21598
21512
20397
22411
20230
21318
20672
20893
19348
21016
19950
22217
20516
21970
20516
20397
20516
19895
21350
20915
21750
20419
22179
20672
21172
22390
19712
19089
19259
19666
19755
20516
19925
20451
19011
20770
19291
20036
19658
21512
22250
22314
19682
22071
20613
19739
19801
21598
19216
19291
20010
22098
21113
20877
19542
21997
19933
19755
19216
21695
19950
22411
20737
21393
19852
20516
21296
21911
19739
19810
19810
20931
20834
20770
19437
20516
20958
19682
19313
19216
21393
20796
20931
20230
19160
22250
22039
20834
20591
19313
19399
20516
19992
21652
19933
20737
20931
20516
20958
19232
21717
19194
21717
20117
19461
22314
20273
20591
19003
20516
19305
20877
21954
19119
21636
19810
20656
21792
20230
22250
21172
19445
20370
19135
21512
19402
19313
19658
21059
20672
20001
20478
20516
20591
19933
19909
19410
21210
21318
20052
19372
21717
19615
19992
20117
19895
20133
20516
21393
19240
22292
21172
22039
19810
20419
20834
19623
19933
19690
19844
19550
20796
20230
19755
19470
19054
20257
20176
19860
19275
21857
19046
20893
21474
21431
19135
21415
21253
20834
19984
19658
19399
20133
19216
19763
20656
20516
21512
20010
21172
20370
19259
19950
22233
19801
22314
20150
19020
21636
20699
21750
19763
19224
19003
20516
19780
21415
19461
19011
19925
19062
21350
22438
20958
19968
21970
20052
20214
19674
19143
20052
20516
21032
19194
20354
20559
19976
20516
19941
19909
19666
19984
19054
22136
19755
20893
19097
19895
20150
21253
22039
22357
20338
20516
20370
20311
20516
22055
20451
19615
21750
19445
22250
19224
20435
20796
19810
19216
19704
20591
19372
20273
19755
19461
19178
19810
19992
21750
19151
21792
19844
20494
21636
21512
21156
20095
22357
20451
20753
20192
22012
22276
19461
19100
19917
19682
20516
22098
22314
19828
20516
21172
20419
21253
20494
19810
20150
20516
19755
19852
19992
19216
20877
21377
19810
19011
20516
19810
19372
21350
19372
22292
22390
20419
21512
19216
21750
19658
22276
22390
22233
20613
22110
22314
20770
21512
20370
20516
20133
19810
20516
21857
21890
21172
20516
21296
19240
22250
20796
20770
20052
22136
22217
19933
21377
21911
19909
22438
20095
19755
20516
19755
19089
21938
19372
20818
20010
19534
22195
20915
20516
19887
20516
19399
19895
19895
19070
21750
21750
20850
19887
20770
21270
20494
19364
19380
20850
22390
21512
21512
21490
19380
21415
21750
21695
19550
19305
20095
20559
19275
22330
19216
19801
19119
20591
19313
22217
19887
20516
19615
19658
21172
20001
19844
19933
20010
21750
20516
19810
19470
19810
19810
22314
22390
21911
19844
21431
19607
21890
19674
21750
19216
19445
21750
20010
19011
19682
21512
22039
22071
19810
19810
21318
20435
22195
22250
19810
21431
21938
19216
20516
19810
19844
20036
19372
22055
19526
20630
19429
22136
19925
19445
19020
21750
20370
20052
19020
19062
20010
19372
19810
20273
20036
19275
19062
20214
20478
19810
19186
20893
21474
21334
21873
19291
20451
19739
20770
19607
19321
19720
20311
19283
21776
20516
19569
20575
22276
21750
20893
19151
21750
20796
20338
19364
21652
20010
19810
19054
20257
19291
19755
22071
19755
19755
22250
21750
19232
21334
21750
20516
19348
19240
20958
19984
22055
19534
19135
21598
21750
22195
22071
19216
20273
21750
20516
19887
19011
21431
19216
19550
19658
19216
21717
19658
21130
20699
20516
19364
19755
20133
19470
19119
19658
21431
19950
19810
22110
19127
21512
20834
21156
19089
20850
21997
19798
19216
19011
19313
19356
19860
20451
19798
19372
19178
19330
20613
20850
19119
21113
19992
19690
19372
22039
20818
19399
21750
19291
19372
19119
21750
20613
19755
19950
21598
19810
19283
20516
21130
19623
21610
20575
20370
20990
20516
19194
19496
22179
20052
19500
20893
19844
22438
19860
20036
22314
19607
20516
22195
21393
20710
20575
19712
21750
20214
19658
19178
20591
22217
19100
20559
21016
19070
19690
19925
20516
20516
19640
22314
20516
20737
19950
20133
20850
19658
21318
21750
19062
19143
20354
19712
19321
19054
22071
19755
21431
19810
21750
19070
21091
19518
20575
19810
21016
20699
19755
20311
19909
20079
20796
19372
20273
19755
20516
22110
20419
19585
19119
21318
19828
21652
19623
19747
22110
22390
21377
20273
20958
21776
19143
19712
19810
19933
22357
22357
19437
19496
19461
20559
22039
20494
21750
19739
22233
20419
22110
21750
20370
22330
20516
19216
22411
19674
20958
19399
19399
21857
19801
19216
20672
22217
21792
20672
22276
21750
19810
19682
19542
19810
22390
20435
20478
19003
19810
22276
19267
19372
21512
21474
20052
19984
19062
21890
22098
19658
21172
19496
19941
19089
21156
19844
19984
21679
19798
19780
19160
20133
19232
20559
21652
20958
20150
19810
22071
19712
22195
19372
19712
21750
20214
21750
19810
22250
19798
19933
20478
20834
22071
21792
21598
22330
22152
21253
21695
19232
21075
19739
19372
19062
19755
19810
20850
20834
20834
20214
19810
20451
20516
21717
19852
19658
20990
19917
19305
21512
21750
22276
20516
22357
19186
20451
19003
20974
20192
20370
19810
19208
21490
19933
20370
19194
20958
21750
21610
20273
21717
19674
19712
20850
19526
19810
19585
19518
19100
19089
19615
19933
21750
19500
21377
19488
20478
19895
19674
20214
19810
20273
19755
22110
20516
19976
22276
21172
19844
20559
20516
20290
21750
21814
19542
19569
19372
22071
19615
21571
19984
21253
20516
19712
22314
21873
21539
20273
19062
20516
19275
22071
20737
19836
19461
21172
21512
19674
22110
19011
19372
21393
22233
19895
19330
20516
20893
19216
19151
20117
19291
20516
22071
19739
20516
20419
20311
19631
19810
19631
19011
19216
22217
19445
20516
20753
22179
19755
19372
22217
22110
21490
21431
20370
20010
19062
21750
19461
22276
19658
20150
20915
19682
19518
19089
20192
20001
20516
19127
19895
21490
21890
22110
19461
20214
19364
19615
19780
19372
21911
21997
20397
19372
19437
19879
19810
19054
22039
21750
19259
20516
21679
20796
20672
19216
20516
19658
19259
19712
19763
22276
20419
19089
21393
19542
19674
21750
20079
22314
19542
19070
21318
20818
20397
19810
21695
19909
19810
19240
19658
21750
19437
20672
19496
20516
20214
19453
19020
21377
21555
22250
19410
20613
19232
20435
19810
21431
22071
22373
20559
21857
21237
19860
19259
19402
20010
19607
19399
19275
19615
19763
21512
19658
19810
21474
20516
20273
21172
20656
22390
21296
20079
20354
19615
19690
19780
19194
21512
19615
21113
19810
19020
20516
21512
20010
21970
19046
20214
19232
22330
21172
21431
20834
22357
20575
19372
20672
19550
20052
19810
20478
20613
19682
19631
20877
20877
19763
20834
21636
20036
20478
21318
19038
19631
19690
22276
20052
19356
21172
20915
19119
21911
19275
20052
22411
20494
22373
21512
20230
19755
20516
22195
19526
21512
21172
22250
19658
21814
19631
20095
20397
19984
21130
19674
22071
21695
19615
22390
20559
19194
19364
20478
19615
21350
20435
20338
19933
19011
19119
19062
20150
21814
21172
19747
20516
19615
21555
19518
21938
20435
19739
21253
22071
19399
21512
19712
22357
21377
22276
19330
20311
19127
19194
22098
19810
21059
20516
19089
19232
19658
19259
21954
19330
19127
19992
20559
21938
19666
20257
19216
20877
19070
21059
21490
21598
21490
20516
21059
19372
20516
22250
20532
19194
21458
21318
19496
22136
22071
20451
22411
22071
21318
21474
21199
19810
19216
19186
21750
20036
20451
20796
20036
20176
21792
19844
19771
21598
19984
22250
20630
19445
19810
22357
22195
19755
20230
20290
19917
21750
19518
21636
20494
20818
21598
19046
19968
19569
21016
22250
19658
20753
19020
19020
22411
21911
19062
19518
20893
19844
19909
22098
19550
20230
19216
19569
19054
21377
19984
19186
20036
20877
20516
20699
20516
19801
20214
19291
21156
19291
19437
19763
20958
22179
21091
20516
19062
19496
19054
19275
19020
19658
19984
21393
20370
19810
20516
20575
20036
19143
19950
19216
20150
19372
19372
21032
20516
20796
19682
21474
21750
21830
19518
19291
22217
20532
19801
19810
22110
20532
19259
22250
19658
21610
22250
20974
19054
19402
20850
20516
19828
21032
21512
19976
19372
19747
21512
20591
21490
21474
21555
21172
20214
19879
21172
21377
19372
19003
19755
20893
21415
20591
19712
19712
19259
22071
21970
21750
19569
21890
19976
19135
19470
19232
21512
20893
22250
20974
19372
20818
20818
21733
22071
19798
20818
21172
21598
19658
22071
21415
20877
22136
19755
19356
21598
19810
22438
20052
21296
20257
20257
22071
19011
19372
19291
19488
19488
19372
22217
22357
20478
19020
21750
19810
19828
19020
20370
21911
20370
19615
19836
21750
21172
19909
19372
22292
22438
22136
20532
20052
20737
22357
19615
19062
20656
19925
19569
19496
20834
19372
20516
20117
19810
19321
21598
19810
20273
21270
20419
20672
20478
19607
19216
19011
19410
19887
20176
19372
19810
19038
19828
20176
19631
20516
22217
22276
19305
20796
20656
19321
19992
20052
19860
21750
20516
19097
20516
19682
19054
19755
22276
19658
20516
22357
19917
20710
21415
21539
21253
19194
19810
22276
20370
20230
19852
19763
19933
19755
19933
19810
20290
20214
19089
19658
19780
19593
19615
19364
19151
21296
21431
21776
19810
19631
20516
19704
19763
20435
21032
19305
22012
20672
20915
22292
21750
22276
19658
19160
19232
21393
21172
20516
19127
19577
19810
19704
22110
19216
21253
19135
22314
19941
20370
21253
19062
20273
21474
22276
20516
19798
21296
20710
20850
19119
19240
22098
20630
22071
19810
19666
21377
19062
19097
19615
19224
20516
21377
20877
19720
21750
19518
21377
21512
21750
21636
22055
20079
19712
22110
19011
19399
21237
20699
20516
19810
19232
19356
19208
21911
19054
21873
21172
19739
19810
19453
20052
20516
20850
19690
19704
22250
20478
19089
22110
22217
19046
19089
21750
19283
19070
19372
19879
19810
20516
21679
19666
20036
19453
19216
21750
22071
19976
19658
19372
19810
19810
19933
19690
19062
21750
21750
19089
20079
19062
21393
19089
22098
20630
19771
19429
20478
20370
19895
22098
19372
20370
21431
20370
21199
19313
20133
21270
20656
20214
19810
19089
21652
19615
20532
20958
22357
20001
21172
22098
22217
19810
19100
19232
19186
19810
19658
20150
19933
19275
22071
22233
19232
20273
19461
19763
19194
19216
19666
19828
21814
19984
19615
21555
19461
19330
19526
21458
20958
22039
19119
21792
20010
21091
20958
19976
21172
19267
19631
19461
21296
20656
20516
22357
21172
19810
19941
19763
20036
22039
21393
21377
22071
21750
20397
19879
19844
19950
21695
19313
21091
21750
20010
20516
19216
19372
21334
19615
22152
19844
20516
19780
20176
19119
20516
19801
20516
19054
19615
19860
20214
21857
20516
19330
19933
20516
22012
19810
21130
20079
19143
20516
20850
19755
19119
19070
19917
19259
21679
21415
21270
19330
19046
19780
20850
19097
19755
19127
19062
19372
19208
21555
20338
19500
20010
19704
19771
20893
19542
19119
19933
22071
20850
19259
20230
20419
20370
21016
20818
19534
21172
19844
21253
19810
19739
21474
21393
19976
20710
19780
19933
19232
20290
20931
19046
19607
19402
20532
22250
20958
19194
19194
22390
21555
21750
19615
19798
19445
19852
21334
21172
21695
19798
21490
19810
19950
22357
21091
20192
19364
19380
19810
21997
19291
19283
19178
22292
19437
19372
19399
21873
20478
19437
22110
19445
22373
20516
21750
19542
19208
19216
21750
19097
19283
19917
20516
22110
19780
19054
20850
19267
21750
19399
20630
21318
22110
22330
22292
19356
20893
19658
19810
19950
20834
22373
20516
22411
21512
19585
22411
21830
21415
19461
19755
20559
22110
21296
21750
19607
20850
19704
20893
20516
19372
19372
21512
19518
19810
20672
20559
19097
19020
20001
20516
20079
19011
19283
21156
20338
19275
19895
21474
19836
21512
20214
19330
21393
20559
19771
20974
19372
20397
19518
19879
19615
20990
20672
20001
21172
19429
19259
20176
19399
21733
19372
19429
20516
21091
21512
21598
19445
19470
19860
19020
21636
19127
20370
22411
21512
19542
21555
21717
21695
20559
21911
20990
19682
21539
22217
19011
21890
21318
19810
22276
21750
21172
19690
21296
19186
20451
19755
19887
20273
19275
21032
19348
22195
22233
19046
20354
19801
19437
21750
20354
21156
19984
19623
20877
19984
21750
20893
20737
19089
19445
21474
19119
21750
21270
20575
21059
19259
19984
20516
20370
19682
19160
20290
22136
21890
20001
21814
21750
20052
19895
19658
19607
19445
20451
19259
20516
19771
19194
20036
22250
20214
19755
19259
19925
21750
19810
20036
22179
19810
19615
21415
22357
21636
21814
19615
22314
19194
20150
19739
20516
21571
20532
22357
20354
19100
19801
22195
19020
19003
19810
19550
22250
22357
19755
20877
20257
22136
20257
19372
19496
19119
19305
20516
19119
19038
19330
19577
21750
19160
21555
22217
22179
20397
19950
19232
22071
20010
19810
20958
19070
20133
19704
20699
19755
21857
22233
20419
19372
22390
20915
19240
20850
19453
19020
20150
20516
21474
20699
20656
22357
20370
20516
19127
20516
22373
19062
19887
19658
20001
19372
19674
19062
20273
20370
19658
20516
20737
21253
21318
22438
19119
20753
20516
19291
19488
20672
19968
22071
21636
19330
22012
21750
19933
20354
20958
21334
19968
22250
19020
21393
20958
19992
22357
20419
21350
19216
21776
21792
19992
19810
21857
19682
19020
19100
22217
20796
19062
20974
21512
19135
22250
20435
19925
19658
19585
19658
21474
20613
21598
19380
19810
19984
19194
19372
20052
19810
19992
20516
20370
19739
19950
20010
19151
20052
19550
21253
19933
19194
19054
20613
22071
19011
21431
20192
19054
19259
21636
21318
19585
20850
22411
19372
20214
20958
19879
21512
19070
21270
20974
22071
20435
20230
20214
21458
20958
19372
21750
19755
20958
21610
20516
22098
21016
22390
21792
19372
19615
21270
19941
20176
19712
19810
22390
19933
21237
22250
20516
19623
22411
21610
20192
19666
20036
22098
22292
21750
19186
20478
19429
21458
19216
22233
20877
20796
19593
21199
22250
19470
19275
20516
19216
21172
21091
19933
20150
19364
21237
19054
20877
21172
20737
19810
21393
19488
20478
20052
21458
19658
19062
22055
19933
21350
21750
20877
20834
19372
19330
21911
19992
19054
21512
19607
20516
20052
19682
19810
20435
21474
19186
19240
19658
21695
22250
21938
22217
20290
19259
21113
19399
19216
19127
19941
20311
19216
19542
21717
21032
19550
20591
21296
19399
19810
19984
19810
19216
22292
20591
19933
20877
21750
21237
19500
19046
19682
20010
20370
19054
19801
19577
22357
22330
19305
19780
22390
19844
20133
21598
19593
19054
19089
19550
21733
19615
19810
22179
20036
19593
19925
22276
19887
21393
19275
19810
21415
19364
19720
22276
19810
21750
22411
20516
20931
20796
19992
20052
19399
20834
22110
21458
22411
21032
19062
19658
19976
20834
19046
20575
19216
19372
20192
19143
19321
21750
22390
21555
20478
20370
21598
20532
19615
21253
19119
19372
21415
21350
19216
21792
19992
21890
22357
21377
21172
19267
19232
20516
20150
20656
21512
20516
21490
21954
21350
19070
19810
19356
19712
21253
20672
19275
19810
19658
21350
19593
19615
19003
19267
20818
21334
20893
21490
20214
22071
19372
21075
19461
19550
21911
20575
19020
19062
19089
19240
19755
20419
19976
19461
21750
19160
21199
22136
20516
19623
21512
20516
21270
21750
21997
19755
19798
22071
19160
19712
19372
19658
21512
19933
19372
19011
19658
22276
19887
19089
21431
19933
21679
20737
19208
21652
21750
19755
19658
21636
19437
19810
20133
19941
21792
19330
22233
20753
19615
19623
21997
20117
20192
20532
19330
19933
21750
22390
21377
19674
22039
19917
20516
20699
20370
20737
19658
20273
21156
19330
19623
19917
21393
19291
20516
19909
21172
22110
19984
19810
22250
19984
19976
19593
20575
20010
19976
19089
19194
19143
20397
22233
19020
20052
22039
22233
22357
22217
19259
19119
22179
19810
21172
19089
22292
21555
20516
21695
19810
20516
20672
19194
21415
19372
19755
19356
21431
20672
19372
20494
19704
19372
19844
20559
19259
19089
21598
19712
20893
21970
21253
21350
19526
19810
20834
19925
19372
21717
21679
19933
19470
22110
19658
19682
19747
21431
20958
19003
19267
19100
19372
19003
22233
20370
19429
20133
20133
19755
19780
20850
21377
22314
19755
21318
20133
21695
21938
19798
19720
20478
19151
20419
20737
21172
20370
19160
19062
19372
19321
21873
20656
19119
21679
19496
20516
21318
19623
21750
19216
20516
19364
22071
21512
19933
21636
22250
20150
22250
21296
21938
21156
21474
19127
20559
22110
22250
19348
21873
19160
19810
19615
19020
20192
22276
20516
22250
20516
21393
20656
19984
20834
19151
19933
19933
21750
20001
22179
22233
19623
19615
20192
19526
19755
20095
22411
20001
22179
19330
19755
19160
22071
20796
19755
21750
20257
19917
19968
20850
22055
20290
19666
19887
20516
21750
19690
19119
21512
19542
21750
21830
19208
22179
20796
20451
19275
21652
20451
21415
19852
19658
19810
21997
20958
21113
19020
19682
21938
21393
21776
20478
21733
20397
20516
19470
21776
22314
19500
19259
21571
21458
20990
19470
19372
20990
19810
20435
19372
19607
20133
19313
21954
19313
20672
19119
19062
21253
20591
21113
20710
21512
19178
22071
20117
19577
19100
20397
19810
22411
20672
19194
21750
21032
19020
21130
20419
19410
22250
20532
19089
19372
19810
22012
21750
19550
21490
19801
19143
21253
19780
22233
19119
19810
20370
20150
20796
22250
20214
21555
20915
19402
21296
19410
19372
20958
20516
20796
21059
21172
21431
19810
19232
19607
19372
22250
19941
21431
21717
22098
20834
19178
19410
20656
22411
19933
20397
20974
22276
20419
20478
21873
21377
21270
19003
20575
21296
19879
21490
19038
19291
21253
19895
19615
19003
19747
20273
19364
19771
21393
22314
20230
22098
20516
19860
19267
21750
20370
21172
19216
19607
20370
20370
20796
21075
19194
20370
20915
20532
20516
19330
22152
19224
20451
19810
21857
22152
21652
19534
20516
20117
19372
20001
19534
22195
20516
21172
19887
21318
19810
19216
19208
19992
20036
21032
19062
20591
19615
20451
21296
20834
21016
22110
19810
21776
19879
21156
21512
20419
19682
20958
19291
19453
21555
19941
21474
19500
21571
20834
21377
19364
20451
19860
20656
22250
19976
19305
21458
21512
19992
19054
20052
20656
20532
20591
20672
19658
20397
20516
22110
19410
21318
19712
20893
19879
19372
21814
19682
20001
21296
22250
21172
20877
21512
19755
20893
22071
21393
22039
19810
20354
21474
19070
22276
21814
22055
20559
19062
19607
22098
21474
20737
19739
20230
19895
20516
19186
19585
21792
20273
20290
20532
21814
21970
19607
19194
19313
20516
19445
21954
21253
20516
21695
19984
21172
20834
22438
21997
19330
21814
19372
20052
20036
21253
19305
19372
19453
20516
20516
22357
19372
20478
20516
21512
19852
21075
19380
20036
21296
20796
19810
19151
19399
20796
19054
21415
21512
19895
19283
20150
19879
20516
20214
20877
20656
19666
19020
22411
22250
19003
21431
19720
19828
21512
19119
19348
21733
19372
19372
19372
22250
19933
21539
20990
22276
19194
20516
21970
19933
22098
19623
20214
21253
22217
19666
19810
20672
20150
21636
22390
19054
21253
21334
20516
21318
21555
20516
20036
20737
21733
20516
19399
19119
20273
22179
19089
21474
19330
20117
21296
22136
19216
19992
19151
20230
19810
19038
19810
19674
21415
19828
19020
21539
19577
22039
19550
19216
19879
21750
19810
21938
20052
20591
20150
22217
19810
20516
19534
19283
19518
20516
19747
21318
19895
20575
19020
19860
19755
19070
19810
19607
19895
20273
21792
20036
20575
20796
20796
20370
19275
19399
21490
19992
20699
19216
19054
20516
20516
19810
21270
21334
19755
21334
22110
22411
21253
20656
21334
19925
21490
21490
19143
22217
19372
21776
20451
19372
20931
19194
20001
21253
19828
19658
21016
19062
19887
21750
19607
19615
19852
20516
20737
20818
22152
20796
22373
19054
21431
22411
20818
19178
21350
21750
19429
20850
19062
20915
19615
20079
21393
21415
19852
21377
20990
21750
19275
21539
20052
20630
19461
19470
19623
22071
19313
22110
20435
21032
21750
20931
19151
19062
21555
19780
19577
20230
21954
19658
19658
20290
21873
20516
20516
19003
20052
19046
20001
20214
21873
19437
19330
21750
19933
20532
22250
20516
20273
19330
21032
19810
20931
21970
19810
22217
21377
21415
20796
21636
21997
21750
19364
20915
19399
20230
20516
21296
19801
21750
20516
21172
19615
19364
19623
21474
21350
20273
22110
20516
19810
20770
20478
22012
20672
21474
19526
21350
20176
19933
20931
20516
21717
19054
21873
19119
21253
20133
19747
20516
21750
21253
21296
20834
19518
21890
19283
21555
22098
21750
19437
22357
19810
22071
19658
20516
19755
21474
21490
19321
20834
19348
19046
22098
19631
22136
19836
21253
21857
19658
21598
19534
20516
19798
20915
19992
21814
20974
21512
19046
19054
19160
19070
19291
21172
19046
20036
21555
21210
21890
21270
19801
19003
20150
21237
21857
22110
19852
20974
21814
19658
21750
19909
21253
19810
19119
21415
19968
19623
20516
19755
19372
21490
20214
20419
19445
21350
21636
19070
19089
20214
21091
20753
19259
19615
22071
19747
21237
20796
20818
21318
19216
19810
20893
19054
19135
19844
21512
21415
19267
22217
21296
19640
19216
19615
21750
19810
21172
19615
21636
19755
19410
21172
20516
21393
20850
19879
19194
21970
22039
21512
21296
19100
19933
22233
20850
21636
21954
22357
19623
19135
19364
19615
20516
20958
19658
20818
21512
22357
19151
19585
19658
22071
22314
20915
21750
19100
21598
21814
19054
19933
21393
19585
19054
21032
19119
20893
19046
20273
21172
22330
22411
19895
19976
22055
19054
19933
20516
19330
21458
19038
19810
21393
19089
20095
22071
20370
21431
22314
20974
19763
21210
19526
20672
21253
21890
19518
19291
19151
21059
19801
20818
19070
20958
21830
20516
21490
19518
21377
19658
20516
19755
21997
22276
21296
19810
21350
19046
20532
22314
19810
20850
22055
19631
19046
19224
19658
20575
21571
20834
19372
20532
20699
20516
21750
19372
19615
19577
19615
22330
19658
19810
20958
19267
20516
20397
20516
21792
20451
20591
19372
19755
21172
20230
20036
19011
21970
22039
22330
21172
22411
19364
19879
19020
22179
19097
19712
20516
21237
21318
20370
21857
22071
20290
21555
20095
19810
21377
19658
21032
20559
20214
20699
21750
19933
21415
19879
19224
19518
21750
19658
20818
19291
19810
19747
21393
19445
20370
21954
19810
20737
19755
20397
19739
21210
21954
21059
19658
21750
20818
19070
20656
19372
21512
21172
21270
21172
21750
19810
20850
19399
19461
19623
19003
19160
20630
19135
19364
19151
21458
19658
19119
22411
19089
22314
20915
21750
20516
21172
22276
20516
19020
20818
19933
20478
21270
20397
21512
21954
21539
19810
19810
19950
20850
19739
20338
21814
19933
21733
19232
19801
19020
19674
19780
19950
19887
19690
19534
21393
22098
20516
20516
20478
19372
19984
19356
19909
21091
20478
22438
20516
22098
20532
20516
22098
20397
19810
21113
21636
20516
20451
19810
20915
19275
19739
19259
20001
19810
20478
19259
19097
19240
21253
19232
19119
19593
19372
19399
19313
21938
20516
20079
19160
19836
20516
22071
19550
20559
19518
20052
19666
19119
19836
19739
19232
19003
19208
19062
20915
19860
21350
19275
22276
20214
22390
19372
19658
20737
21750
21598
19763
20494
20958
20451
21830
20079
21270
19739
19844
20230
20532
20656
21750
21750
21431
19658
21750
19062
21318
20559
19321
19658
20834
19062
21431
22276
20958
19810
20532
19496
19445
20516
20958
19364
21296
22195
21911
19224
19879
19674
20419
19925
19151
19674
21636
19810
21415
21210
21873
22233
20052
22276
22233
20370
21237
20850
19070
22276
19739
19895
20737
21733
20893
20494
20850
21539
22233
22330
20850
21555
19410
20877
19810
19950
20516
22250
19810
19810
21679
21393
21113
19127
22110
21873
21172
22071
19372
21296
20516
21679
20397
19054
19798
22055
20397
21512
19135
19941
22250
20290
20230
20710
22039
20796
20958
21750
20150
20974
19810
20176
22250
22276
19372
22039
19925
19852
20150
20192
19771
19810
19615
22110
19062
19810
19216
19933
19852
22330
22233
19119
20230
21695
20397
19097
19976
19810
20672
20591
20079
19208
22071
19399
21415
20435
19763
19615
19372
19810
19380
22071
19704
21172
19976
20273
21555
19895
21636
20672
19810
19798
19232
19933
19372
19674
21750
22195
22330
21415
19054
21156
19062
19364
19801
19356
19330
19810
20516
19160
19658
19615
20451
20753
20877
19925
21750
20290
19925
20001
20516
20001
20516
22195
19704
22110
19810
22195
19674
19852
19593
21199
21750
19933
19160
19348
22250
20656
19143
22071
21750
19151
20516
21857
21350
20796
22012
19224
20958
19607
19330
22314
19160
19755
19356
20516
21172
22411
22098
19984
20397
19259
21750
20958
21750
21750
22438
19933
20117
22276
19445
19283
19500
21750
21350
19895
20419
19496
20052
20230
19518
19127
19755
20834
19046
22233
19879
19020
21610
22055
21512
21172
19810
20516
20516
19062
20397
19011
21750
21172
21172
19372
19216
19771
19062
19984
19372
19402
19992
20150
19992
20370
22217
20672
19496
20893
22250
20893
22179
20397
19879
19003
21555
19488
19976
21954
19062
21814
19658
19623
19208
19658
19399
19178
22217
20419
21172
22152
20516
21393
21938
19062
19844
19828
20516
22217
19410
19003
21512
20613
19992
19216
21032
20834
19810
19810
19496
21512
20354
20150
21130
20516
21270
21636
19089
22357
20273
19925
21253
19895
19062
19208
19810
21750
19607
21237
19658
22110
19755
19569
21377
22292
21318
19534
21172
20516
21059
20516
19151
19810
19933
19259
21555
20290
19186
20834
21377
19119
20672
20516
19500
19712
19771
20575
19100
19216
19810
21750
21938
20575
21814
20001
19216
19410
19321
22250
21776
22250
20001
21555
20516
19810
21911
20478
19984
19054
21555
19720
19992
21270
19194
19682
19038
21733
21555
21750
21296
20516
19542
19755
22071
21750
19232
19941
20516
22250
20435
20079
20230
19429
19372
21750
21415
19585
21750
21750
21393
20516
21750
19917
20850
19097
19755
19399
20478
20095
22250
20370
19267
21750
21598
19305
21490
19747
19216
19186
20516
20010
19054
20834
19305
22438
19364
19151
19917
20370
19216
21814
21512
22055
20516
21431
20818
21512
19216
21377
21172
19453
20214
19291
19267
19372
19690
19097
19321
19526
20150
19178
19496
22276
19330
19690
19011
22390
19810
20974
20117
19933
19739
20516
19810
21512
20516
19666
19216
19836
19542
19674
20958
22110
19941
21296
19054
21474
19070
19941
19097
22195
19810
19054
20095
20290
19755
22250
20338
20516
21490
20834
20192
19917
21636
20192
19402
20516
19224
19933
19186
19640
22250
19500
20516
20737
21750
21377
20834
20419
20516
19933
21415
20230
19810
19739
20516
21512
21911
20893
19801
19372
19399
22071
20478
20915
19879
19593
19305
22233
19810
20672
21091
21830
20150
21750
20370
19119
21750
19089
19810
19895
21512
21318
19810
21318
19887
19410
21512
19755
22152
20010
19577
20559
20931
21270
21830
21776
20710
21512
20435
19810
19844
20010
20850
22071
21598
19100
19321
21091
19674
21458
19569
19810
20516
21172
19224
22373
21431
19135
21911
21415
19399
21172
19860
20958
19810
21270
19968
19097
19429
19810
19720
21415
21415
21911
19976
20699
21377
19747
20192
19658
20338
20796
19747
21512
20052
22250
19879
19445
21490
22314
21571
22330
20532
21750
21334
20290
19666
20133
21431
22276
20958
20796
19810
19682
20753
21490
22055
19607
20290
21296
21113
19585
19461
21792
20052
20770
19062
20834
19615
19089
20893
20796
20192
19984
21750
19372
19119
19569
19810
20150
19879
19089
19631
20850
19267
21296
19879
19496
21636
19933
20516
21210
20699
19941
21750
19216
19658
20516
19372
19712
19615
20478
20397
19151
19518
20338
20370
21172
21750
21172
19291
19291
19054
22136
21873
21415
19755
19399
19291
21075
21172
20877
20656
19305
21253
19135
19941
19259
19054
21555
22039
19542
21512
19097
19810
19330
19860
21075
20257
20958
19810
19100
19836
19810
21890
19909
21113
22195
20273
21512
20516
19984
22071
19658
20672
22276
19569
19356
20435
19194
19755
22357
19755
20796
19410
22411
19291
20516
20052
21830
19755
21296
19828
19488
19810
20494
21334
21172
20516
19070
20915
19828
22039
19453
19526
19470
22250
19437
19259
19658
19992
19119
19275
19933
20516
21237
21512
19950
21393
19453
19607
19682
21253
20133
19852
21555
20435
19119
20516
22217
22071
21750
20435
19771
21210
19135
19054
19054
22357
20990
20834
19135
22314
21750
19046
21571
22357
20796
21679
19810
21750
19933
21512
19810
20699
21890
21490
21750
21938
21393
19810
20435
19291
19712
20796
20958
22217
19160
21512
20575
21733
19054
22071
21318
20095
20737
19534
19119
19267
19380
20052
19801
21091
21415
21172
21415
19828
19755
20656
19550
21679
20214
21792
22314
19895
19755
19755
19658
19801
22330
21679
20419
20516
19070
19135
22250
19607
19968
20516
20079
19143
19780
20230
21172
22314
20290
22217
21172
19062
21512
21113
22411
21393
22390
21750
21075
19909
19755
21679
19372
20052
20290
19372
19976
19372
21296
20613
19372
21156
19089
21393
19321
19500
19933
19445
20516
20036
20001
19305
19810
19615
19305
19909
22179
22071
19178
19909
19356
21750
22071
19097
20672
20397
21296
20516
20214
19828
20290
19488
21750
19054
19330
22233
21431
19755
21970
21377
19119
21431
19135
20214
20834
22071
22276
19372
19372
19356
20737
19038
19410
20630
20710
21091
19810
20796
22390
20290
22217
21911
21253
20494
22373
22250
20230
20877
21750
19763
20630
21172
20052
20370
20451
22411
19070
19984
19518
19810
21253
19941
21016
22195
20710
19615
19615
20958
20656
20397
21210
20516
20052
22179
21750
22314
20516
22292
22357
19259
21512
21571
20273
21512
21172
21172
21393
21334
21377
19810
20001
19232
21890
20214
19895
20656
20338
21377
20435
21172
19283
21172
21172
19224
19968
21750
20893
21750
19992
19950
20850
19690
19054
21512
19674
20559
22136
22071
19216
22357
21318
20230
21750
19984
21113
20516
19810
21415
21172
19992
19143
21636
20834
21270
21792
22071
19399
20133
20478
20494
19062
22250
19976
19437
21156
20591
22276
19089
19089
21750
21598
19801
21890
21059
20516
19259
21172
19143
20230
21830
22292
22250
21210
19607
19933
19437
22233
19003
19216
19232
19356
19933
19771
21059
21199
19526
22217
20052
20230
21091
19054
19968
19658
20516
19437
19828
20672
22438
22330
19615
19372
19178
19054
19518
21539
21750
20516
19909
20419
21555
20214
19020
22250
19291
19682
19747
19062
19810
19615
19054
19909
19348
20850
19976
19828
19372
19062
20613
20516
22012
21598
20290
22179
19658
19240
22411
19810
19755
21598
21474
21598
20478
19895
21679
19810
20834
19399
20516
20419
19720
19259
20397
20176
20052
19348
21911
20796
19321
21237
20230
19623
22110
19119
19674
19992
22314
20559
21512
22039
19186
19666
20613
22276
19305
21555
20001
19364
21911
19739
19119
20370
21571
19925
19410
19089
21393
22411
19372
19810
19380
19992
22292
22390
19615
21873
19151
21610
19160
19542
19712
19372
19585
22039
19518
20532
19437
21571
21792
20338
21032
20532
19348
21130
19933
20010
21237
20338
21857
19291
19003
19364
22438
19615
21598
19666
20230
19615
19062
19933
22292
22390
19712
21750
21350
19089
21377
21172
21377
21172
19879
19194
21253
19399
20850
19763
19356
21431
21199
21717
19119
20338
21555
20150
19356
19160
19178
21172
21431
21075
21890
21318
21970
19380
22136
19267
20591
20435
19607
19119
19836
21474
19933
19372
19500
20435
19259
22071
21857
22233
21059
20559
19119
20630
22012
19461
19461
20990
19810
20036
20656
19445
19054
19712
21750
20559
22071
20419
20796
19089
19844
22233
19062
19119
19810
19372
21431
21059
19828
19623
19372
20958
21474
19682
19950
20834
21598
20516
19798
19089
20451
20494
21997
20672
19755
19828
20451
21814
21750
20370
21539
22411
21750
21997
22438
19569
22217
20230
20192
19062
20010
22250
21830
19348
19860
19950
19607
22217
22071
20796
20516
19984
19119
19062
21172
22438
20516
21334
21679
20834
19062
19712
21555
20931
21555
19623
22276
22373
20516
19194
21750
19151
19658
19151
19321
19925
21113
20516
21652
20397
21253
19968
20834
20516
21172
20516
19291
22217
20893
20850
20893
20451
19852
21830
19089
21350
19984
19615
21733
19984
19984
19577
21016
20290
19755
22250
20176
19046
20877
20516
19291
21598
19372
20672
21679
21334
21415
20990
20656
19372
19780
19780
21997
19828
22012
19119
20613
21210
20516
19810
19682
19232
19810
22098
21750
21172
21636
21873
20834
21750
20613
22276
19003
20516
19070
22276
22071
19488
22357
19372
21733
22098
21970
22071
21172
20354
21636
22276
20893
20036
19950
19879
19852
19615
21431
19909
20877
21539
21571
21512
21075
22250
22438
21954
19755
21555
21431
21210
19062
22250
19054
20117
20958
20710
20516
20036
19364
19933
20516
19402
19488
21750
22110
19194
21474
20117
20915
21431
20117
20397
21652
19194
19933
19194
21377
21431
19011
19577
19755
20699
19810
20052
19810
21750
19011
21750
21172
20397
20354
20737
21610
21172
20559
19127
20834
20354
19208
21750
21512
21695
19232
21539
21997
20990
19810
21172
21750
20630
22250
20001
21415
21490
21377
20290
21512
19933
19658
20613
21393
20370
19844
19577
19500
19127
19321
19690
20036
19372
20273
19038
20516
19712
19763
19216
20796
21113
19992
22292
20478
22039
20516
21431
20958
20516
22390
19259
19810
22357
21172
21750
21814
21130
21172
19216
19771
21172
19399
19275
20451
21415
19291
19810
20370
19232
20001
21636
20516
21512
20516
19607
21938
21610
19402
22276
22152
20370
21075
21679
22314
19267
19445
19216
19119
21598
20850
20516
19739
21750
20559
21512
19518
20613
20613
19062
19755
19658
20915
19453
22357
22373
19810
19615
20737
20516
19216
21350
21059
21270
22250
20036
21113
21270
19259
20478
19666
19968
20516
22039
22292
19518
20931
19690
21636
22390
20478
21490
21270
19810
19798
19461
20710
19720
20737
19828
21075
20710
21814
20834
19810
19690
19755
20656
20036
22098
21512
21032
19054
19771
19658
20516
20796
21636
19070
22055
19070
20257
19291
21598
19216
19267
21172
22373
19810
19542
19569
19941
22012
21750
19380
19810
21938
22390
21750
20974
19712
19534
20656
20516
21598
19887
19615
20958
19895
20834
19186
21636
19151
21270
22330
20672
19356
22390
19054
20176
22195
22110
20516
19534
19933
21059
19984
19615
19518
21512
19828
20516
21253
21172
21032
19615
21270
21776
19607
20559
19933
22071
22098
20036
20516
19330
19275
21814
21415
19151
20494
19933
20737
19771
20796
20516
20370
21750
19518
21172
19321
21750
19070
19577
20036
19810
21415
21172
19984
21555
20230
20311
20630
20990
20893
20516
20974
22071
20656
20877
21172
21750
20516
21750
22357
19810
19372
21474
20516
21512
19550
19186
21750
22233
19844
19003
20516
21199
21873
19739
19593
22276
19755
20737
21318
20575
19518
19917
19348
19143
19615
20850
20370
22250
22330
19275
19755
19623
20796
20397
21890
19933
19380
19739
19232
19089
19810
19550
20753
19666
22250
20672
19160
21032
21415
19291
20796
19046
21539
21016
19216
20613
22179
19844
19607
20990
22411
21172
19615
19631
19810
19399
20990
19291
21750
22330
19119
20737
19186
19810
19348
21997
20214
19275
21350
20338
21474
19267
20435
21695
19445
20435
19992
19119
20214
21679
20516
19216
20915
21970
20150
19810
21750
21512
19658
20850
19631
19232
19178
20150
21555
20451
19534
22071
21555
22357
21296
19038
21750
19372
20559
19810
19410
20753
19852
20737
20516
19720
19216
19399
20710
20052
20834
21059
22055
19259
21512
19623
21598
19810
19372
19747
19844
19372
21750
19860
22276
20796
20311
20516
21695
19445
21377
19755
19119
22357
19941
21490
19658
20753
19054
22411
19470
19194
20516
21474
20877
21172
19720
19151
19941
22071
19917
19127
20516
19550
21997
19810
20435
22071
22217
20516
21172
20753
19534
20516
19658
20273
22250
19062
22250
19615
22357
22071
21598
21253
19801
19135
20575
21679
21695
19100
19976
21334
19747
20796
20958
19062
20834
20710
22276
19160
21474
22179
19666
19810
19755
21296
19828
19160
22012
22250
19615
20451
19810
19607
20958
21237
19810
20672
19895
19178
21210
20516
21555
19690
19003
21890
21393
20818
19810
19755
20052
19798
21792
19992
20338
19623
19810
21431
21792
21814
22071
20052
19895
20516
20672
22357
20893
19771
19755
20419
19976
22357
21113
20672
20117
19259
19194
21792
19496
19755
20974
19275
22152
21512
19747
19755
19747
21970
20850
20796
19445
19216
19321
19119
19810
21270
20915
20133
19810
19801
21474
20893
20150
20516
20079
21172
22039
21296
19445
19828
19216
20770
20532
20850
19798
19887
19550
22357
21911
19992
19313
21377
21750
20036
19755
21253
19089
21954
21997
19801
19801
21750
22330
19682
21431
20451
19658
19712
20834
20095
19682
19720
19780
22357
21750
22276
19658
19372
22071
20397
19445
19810
20990
19810
20257
19623
20974
20338
19470
19739
21270
20338
19577
20117
19380
19895
19810
22357
19810
19330
19372
19917
19020
22217
19208
19615
19127
21750
19119
22357
19739
19267
22250
19488
21377
19518
19887
21377
20273
20494
20370
21911
20214
21512
19062
19275
21750
20877
20214
22071
20354
19143
19976
19810
19631
20273
19755
21458
19577
19216
20192
19615
20834
21113
20451
20354
19828
20494
19615
20230
19755
22250
19143
19933
20516
19755
20257
21679
20656
20818
21113
19976
19810
19186
19607
20737
19054
21091
19372
22276
19810
22071
19623
22071
19658
19062
21555
21016
21172
21393
19046
20850
19020
22276
20796
22179
20494
21075
19429
19046
22411
19860
20273
20273
20192
19259
21733
20516
21750
20001
20575
21350
21172
22250
21172
20516
21750
21890
19810
19747
20958
21458
20613
19763
20451
20338
20052
19291
20397
20850
21652
20850
21270
19828
19674
20001
20516
20516
20877
20494
22276
20877
20370
20273
21210
20516
21172
19259
19216
20370
21350
19810
19810
19623
19062
20591
20516
20613
19372
19305
20591
21075
19259
22314
20656
21750
19054
20516
21334
21997
21377
19623
21598
19240
22411
20478
21075
19135
21679
21490
19747
19534
19810
19372
22012
22276
19518
21270
21857
19763
21415
22250
20516
22250
21636
19330
21490
19933
21253
20370
20117
19658
21571
19810
21113
21750
21172
19976
21490
20710
19470
19070
20117
20397
19291
21113
20516
22357
21733
22071
21253
19151
20850
22039
20516
22179
20591
21032
21555
19844
21598
19194
21571
19372
21776
19801
21598
19623
20370
20893
22071
20958
20834
19682
19267
19976
20850
19976
19933
19267
21970
20710
19755
21555
19852
19569
22250
19828
21598
20516
22136
20230
19003
20516
20214
19577
19054
20559
20672
20117
22233
21059
19658
19526
19844
21911
21695
19011
19933
19941
19917
20419
19933
21911
20036
20516
20397
20516
21750
19674
19372
21571
21237
19933
20257
19933
20516
19518
20990
21318
21636
20370
20397
21970
20834
21270
19860
20990
19372
19631
21750
21210
19879
21610
21032
21717
20478
21911
19810
20559
21555
19976
19933
20435
19267
21750
22250
19089
20850
20575
19950
19836
20958
21431
19879
19372
19062
20516
21750
20435
19836
20176
19372
19160
19186
20559
19127
19828
19097
22276
19054
19143
21555
20311
20052
21130
20958
19755
19070
20737
19259
20273
21598
21296
20516
19933
19488
20737
20770
21814
19755
21490
19372
20036
21610
20117
19518
19810
20397
19259
19178
19364
21393
21750
20516
21733
22276
21539
20052
20770
21750
20451
19534
20575
19372
20273
21733
20052
22071
20850
19020
19054
20036
20311
20176
19623
20516
19917
22110
20419
19160
21954
19526
21113
19658
19658
22250
19089
19798
22314
19810
21792
19585
21032
20516
19879
22438
20850
21911
19810
20672
19836
19259
19933
19780
19356
19240
20494
19399
21512
21253
20834
21350
21334
21237
19763
19062
21350
21130
20516
19739
21237
21431
19615
20338
19216
19194
22071
19330
19747
21512
20818
19810
21318
21318
21938
21750
22012
22012
21814
19801
19496
21253
21539
22179
21075
19100
21792
20419
20958
21512
19810
19682
21750
20516
19623
19674
20230
19933
20257
20877
21474
21750
21431
22357
20737
21172
21911
20958
20796
21750
19755
20893
19518
21377
20478
22276
22390
20435
21270
21318
19682
19518
19771
19372
19372
19348
19194
21750
20877
21750
21350
21091
20257
20273
22136
19054
22250
20354
21890
20516
19810
20516
21431
19674
19860
20370
19712
19372
21750
20370
21970
22217
20753
21415
21750
19020
20290
19623
20958
22217
19542
22110
21512
20834
22411
20796
19623
19410
19658
19941
19810
21512
19720
19763
20699
19801
19968
20516
20290
19089
19259
20630
21474
22039
19062
19194
20672
21512
19160
19240
19615
20990
20834
20672
19232
19879
21512
19372
22071
20559
22195
19780
20214
20516
19666
20672
22233
19178
21130
21571
21113
20419
20630
19658
19755
20273
19755
22276
19089
20850
21431
21792
20117
19569
21717
22071
21750
19615
21610
19607
19119
20214
19119
20613
19062
19933
19097
19801
20451
22357
20419
19089
21636
22438
20397
20257
21610
19224
21172
20273
19534
19631
21512
20516
19178
19658
19160
19208
19054
20834
20893
22039
20273
20397
21938
19534
20737
21610
20516
22179
21873
19437
20834
22390
20354
22250
20796
19437
20516
21296
19720
19054
20753
21679
22411
19925
21474
22250
20532
19194
19291
19615
21415
19933
20850
19020
21997
20850
20877
19216
22071
19810
19054
21776
21890
20532
21059
19933
21750
19011
19739
21172
19291
19658
20877
21750
21652
19658
21555
21750
20397
19224
19941
19810
19399
19291
20494
19399
21296
20818
19585
19933
19305
19429
19658
20230
19682
19100
19801
21296
20818
20214
19062
19585
20850
20990
21733
19780
21890
21750
19771
20818
21334
19330
20419
21750
20370
21016
19585
20001
19755
20214
20818
21377
21253
19194
21792
19950
21172
21334
19330
21512
20877
20338
22098
20370
19810
21032
19747
19011
19216
19992
22314
19593
19313
19305
19330
19763
19879
22179
21555
20370
22179
20370
19933
21750
19690
20397
19453
19739
21814
19062
19950
19763
19216
21253
20214
19810
21350
21156
21172
21474
19755
20273
19011
21970
21431
19020
22373
19623
21598
19216
19810
20796
22276
19658
19810
19291
20516
19100
20036
19674
20850
19615
19070
20893
19330
19933
19046
19054
19879
20850
21911
20370
20672
19755
19844
19739
19992
19933
20710
19054
20435
21172
20958
19950
19810
22276
19089
19810
21911
19330
19372
21857
19453
22233
20010
21512
19941
21431
19259
21555
20478
19330
20575
20052
20435
19259
22071
19127
19089
19127
19780
20516
22071
22055
20397
22152
19020
21172
19658
19658
21091
20370
20974
20516
22314
21237
19372
20214
19801
21296
22152
19372
22357
21750
22217
20850
21415
22233
21636
19321
21598
19780
22071
20672
19658
20834
21750
19739
20214
19712
19585
20974
20516
20516
20893
21253
20150
19097
20516
19801
20532
19941
21431
22012
20656
19500
22250
19151
21539
19372
22110
20915
22250
19755
20273
20516
22250
19003
19127
20478
20516
19348
20290
20133
20516
21032
19852
21776
20974
21814
20737
19810
19445
21750
19356
21512
19607
21199
21172
21598
21814
19844
21296
20290
20290
19321
19240
20214
19810
20893
20176
19615
19313
20796
19992
19810
22071
19216
21814
19224
19968
22098
20893
19810
19895
22411
19577
19631
22411
21113
20478
20397
20516
19933
19712
20451
20516
20095
19593
19194
19810
19429
20834
20435
19020
20958
19372
22276
20613
21458
19879
21814
22250
19658
19984
19119
20451
21555
19054
20370
19216
19933
20214
19801
22438
20753
20796
21652
20257
20516
20516
19682
21598
22292
21636
19712
19160
19437
20451
19755
19267
19054
20850
19917
19615
19623
19917
19372
21539
19968
19763
21253
19070
21490
20893
22314
19119
22098
19119
19216
21750
19879
20559
19755
21750
22136
19810
22357
19224
19429
19526
19810
19895
19810
20516
19445
19267
19364
19658
22071
19097
20214
19232
20354
20796
20354
19020
19500
20591
22250
19828
19429
21750
20370
21210
19216
20516
19399
20001
21490
19810
21512
21750
21733
21318
22357
19062
20850
19372
20451
19399
22314
20117
20516
22314
19917
20990
20516
21431
19801
21997
20257
20672
22098
22110
21199
22292
20931
19976
21156
20834
19739
21172
21750
19518
21059
21490
19372
21792
21210
20290
19607
20877
20672
19810
21997
20273
20818
19801
20710
20214
21393
19160
19020
22217
21750
19224
20591
19810
19640
21610
22071
19542
19321
21059
19313
20214
19232
19062
21075
19810
20230
20338
19933
22136
19810
19771
21776
21270
21598
22250
19615
19020
20559
19135
20532
19798
20370
21059
20052
19100
20516
20214
19054
20001
20516
20974
20559
20532
20010
20516
21512
19895
19810
22250
19810
19089
19356
20958
19500
22276
19615
21415
21172
20958
20516
19526
19054
20419
20591
21555
19526
21750
22411
19046
21474
22411
19810
22071
20451
22276
19623
20737
21059
20796
20150
19291
19984
21334
19429
19054
19348
19143
20419
22233
19372
21598
22314
21415
20834
19372
19216
19097
21415
22110
20257
19739
19259
22071
19429
21598
19763
20796
20877
20672
19941
20150
21490
21750
19755
19780
20516
22250
19062
20273
20877
19020
19259
20214
22330
20672
20001
21636
20796
19933
21911
19119
21172
20737
19720
20419
19984
21750
19356
21890
22330
19739
19984
21954
20516
19003
21296
19836
20931
19640
21318
21873
20419
19330
20273
21750
20370
22250
19593
19607
20397
19283
20370
21113
19321
21750
20311
19291
19992
20397
20516
19968
19658
19658
19810
22217
21750
20516
21253
19526
21750
19003
20273
20737
21911
19259
20516
21199
19089
20370
19097
20796
22233
20354
19089
19372
22217
19933
22314
19763
19151
20958
19682
19194
20710
21172
19810
20419
19615
19372
19607
19232
19607
19097
21750
20397
19054
19917
21172
22055
22195
22276
19577
21318
22411
20915
20311
20516
19542
21890
19640
21555
19534
19372
20516
22250
19674
22217
19003
19755
19380
19917
19372
20672
19100
20494
22098
19119
19054
21431
19259
21172
19313
19054
20591
19208
21555
19747
22411
20338
20672
20214
20419
19810
20435
19810
19232
19100
20834
19801
20478
19658
20958
20834
19291
22357
20699
19933
21695
19810
20630
22390
20478
22136
19461
20532
19224
19178
20656
19160
22276
20516
19810
19410
19100
20656
19135
20737
21210
19623
20192
20052
19160
19186
20893
19208
20532
22055
20591
21750
19437
21172
19658
22071
21970
19089
20737
21750
21415
20273
22179
20931
19526
19844
19585
21377
20516
19402
20796
22250
19658
20230
19615
20354
20095
19550
21610
19135
19755
20214
19216
21598
20133
20001
21172
22411
20214
21474
22438
19445
19950
22012
20990
20559
19003
20699
19780
20915
19526
22098
20133
21075
21172
19909
19224
21571
20273
21334
19798
22071
20516
20818
21750
19984
22217
20397
21296
20877
21695
19593
19178
19534
19917
22012
19712
21253
21458
20419
19550
19712
20516
19372
20419
19054
19909
19135
19275
19755
19291
19003
19275
19887
19232
19429
19810
20435
20435
19046
20850
19828
19810
19267
19151
20001
19070
22071
22071
21750
20010
19747
19631
21172
19682
19810
21571
19569
19194
19089
19925
19186
20117
20010
21636
20150
22055
19364
20419
20575
19011
22217
19020
20630
19810
19232
22250
19151
19291
21172
19992
22039
20052
19933
22098
21270
19020
20958
20877
20290
21970
22357
21350
19933
19810
21733
19194
20850
22411
19372
20796
19933
20672
20893
22314
21512
19925
21474
19097
20478
21032
19534
21598
22071
21253
19518
21555
21237
19330
19739
19372
20516
21075
19232
20656
19810
20311
19372
19968
19208
21750
19259
19895
20990
20931
19011
19097
19712
19348
19658
21016
22071
20516
21814
19097
21539
20990
19372
20516
20737
21873
22411
22071
19690
21512
19941
22071
19658
21016
20818
21750
20397
19070
22098
21873
21750
19062
19410
21970
19585
19089
21750
20516
21911
19372
20893
19925
20516
19992
19810
19941
19194
21318
21199
19267
20192
19755
21750
19623
19364
21792
21253
21016
20516
22233
19712
19372
21970
19968
19607
19925
19879
19739
20290
19569
21270
21253
19348
19755
20192
19631
19496
20699
21393
20710
20877
21199
19933
20419
21113
21750
19879
19917
22411
21393
21393
19810
20478
19879
19054
19038
19364
19763
21393
21296
22390
21911
19658
20150
22039
21393
20478
19623
19976
19810
21253
21172
19690
20834
19534
20516
19534
19984
21032
21695
21296
22314
22098
19437
19305
20516
19208
21172
21431
20478
19615
19470
19178
21598
20834
21555
22012
20273
20850
19810
20052
19488
21172
22195
19062
20516
22071
19607
22357
21490
20516
20478
20230
19240
21210
19933
20095
20516
21636
21873
19739
19224
19690
19283
22195
20478
20370
21938
19267
20435
20710
22071
22250
20214
22357
19518
21296
20001
19054
20397
20656
20478
22357
19933
20516
20877
20796
19348
21792
19496
19798
19070
19194
19160
21750
21636
21172
19771
19887
21750
20672
20150
19844
19500
22098
21750
21733
20214
21016
19151
21911
19372
20796
19364
20516
20818
20290
21032
22098
20117
21750
20516
20818
22039
21253
22098
20958
19135
20990
19313
20010
19585
20370
19186
22098
19593
22276
19410
20516
20613
21415
20010
19437
20516
19020
19607
21296
21318
19810
21750
19658
21610
20230
19810
22071
21938
20516
19623
22438
21393
21431
22071
20036
20338
20516
19810
21997
19828
19305
22276
21393
19615
21172
20230
19860
20710
19216
19372
21512
19950
19313
19810
19810
19852
20214
21032
22098
19372
20516
19054
19933
20931
19372
20516
21253
21512
21750
22071
19895
21814
21598
21814
21130
20753
20893
19283
19119
19844
20273
21318
19003
21059
21393
20699
21512
21911
19968
21032
19372
21750
19810
21172
20818
19291
22071
21393
19658
20931
19232
19020
22195
22314
20877
19739
21695
19380
19674
20478
21750
21571
19623
21415
21512
20036
22152
19275
20915
19321
22250
21750
19542
20311
20893
20575
19810
19763
19534
20338
19712
19259
19054
21610
19933
19623
19151
20478
19950
19674
22110
20516
20516
19119
19755
21431
19844
21431
20516
22195
19585
19810
19933
19119
20370
22276
21172
20052
19658
19810
20230
19020
19780
21032
19372
19895
19810
19917
19216
19364
19089
19330
19372
19992
21253
22250
20192
19933
22390
21636
20079
21334
21113
20516
19372
19658
19496
19348
19658
19879
19020
21237
21610
19810
20257
19020
22098
20915
21130
19135
22217
22098
19755
21873
21431
22330
19186
19330
21172
19062
21431
19615
22179
22217
20516
21857
22411
19810
22250
22217
19216
22250
21415
19143
21016
19755
21938
21555
21296
20516
20850
22390
21032
22314
20052
19682
20516
20338
20630
21253
20672
22357
21350
19020
21393
20435
20893
19747
19283
20559
19747
20613
21954
19054
19062
19763
20273
20435
21415
19429
20095
20230
20273
20370
19070
19372
19470
19780
21318
19500
19143
22314
19712
21997
21377
21113
21857
20176
20850
19518
21814
20354
19119
20397
20796
20672
20150
21512
20133
20630
19003
20915
20052
19216
21857
19666
19658
19313
19542
20451
19003
20354
20737
19810
19933
19364
21750
20770
21172
22071
19933
19089
19283
20192
20150
21172
19364
20150
22152
20834
20354
20230
19151
19631
20850
22039
19275
19992
20915
19640
20478
21199
22411
19569
19160
19259
19569
22110
19313
20893
19372
20796
19437
21679
19755
19992
19810
21032
22250
20931
19658
21571
22012
22411
19810
20516
20010
19399
19747
20133
20516
19305
20419
19372
21555
19151
19046
19810
21199
19763
19291
21210
19224
19330
22233
21733
19607
21431
22217
21970
22071
19658
22012
22390
22411
19003
19119
19992
19194
22071
19992
20516
19810
19755
19267
19194
20516
19240
21873
19810
19194
19526
20214
19119
19933
19208
22390
19046
19755
20516
21016
22110
20796
19135
22276
21750
21636
21571
19895
21172
19933
19747
19291
20516
20338
19186
19313
19372
22233
21512
19658
22250
20052
21032
20370
20036
22250
21172
20273
19810
20834
19356
20656
22071
21636
19593
22292
20974
20559
22330
20672
22357
20893
21512
19003
21393
21075
20290
19097
19810
19623
20079
22071
20010
21512
21598
19259
20737
20516
20273
20516
20150
21750
22250
20230
20370
19488
21997
19232
19194
22179
20630
20001
20214
20516
19704
19755
21512
19658
21873
19216
22071
21270
19631
21792
19895
19658
19348
22039
21318
20435
21750
19372
19950
21334
19810
20010
21750
19313
20672
22071
19933
19933
21970
20230
20818
19909
19321
19038
19550
21911
19119
21750
20834
20419
19909
19658
19801
20001
22373
20516
20516
19070
19640
19089
21750
19810
19550
20516
21156
20877
22314
19062
19089
22250
20915
20753
21911
21156
21172
21814
21997
22136
19933
21253
21873
19968
19968
19658
20273
19054
19615
19747
19623
22071
19658
19119
19607
19801
20370
20176
19089
19933
22055
20516
22250
21750
19313
22098
22217
20516
22039
19313
21490
20273
21695
19941
19615
19712
19658
20516
21555
22292
19755
19291
22250
19860
20001
19852
20516
19356
22217
20850
20818
19950
20230
22110
19852
19011
22233
19372
19070
19658
20419
20435
22233
20516
21512
21032
19348
22276
22250
21334
21512
21377
19232
19305
20818
20273
19933
19135
21750
19720
19780
19372
19828
22373
21814
19216
20516
19372
20591
19372
19097
21296
20958
20893
21555
21970
20010
20737
20656
20273
19020
20656
19011
20214
22039
19941
19755
19160
19569
19291
20516
21970
20834
19372
19933
21270
21857
20516
19135
19577
22071
19356
19810
19518
20591
19348
19470
21113
20273
19860
19569
21199
19216
20354
19755
19259
22250
20370
19062
21199
19658
19860
20770
19275
20818
21873
21512
19372
19941
21458
20516
20230
20419
19500
19267
19550
20516
19518
19640
19810
19461
21997
19933
21075
21377
19798
20311
19615
22110
22250
19593
20478
19852
19623
19496
19097
22217
19518
20176
19216
21431
20672
19291
19810
19780
19500
19135
19658
20516
19526
20737
19615
19372
19879
19186
21512
19739
21750
21750
20273
20818
21792
20478
19208
19755
21016
21172
20079
21750
19089
22250
19623
22055
20516
22250
20079
21253
19682
19259
19810
21172
19097
19712
19160
19976
19810
20818
21490
20915
20591
21636
19933
22438
21296
19372
20656
20958
19372
20176
20214
21750
20575
20559
22411
19518
20753
22357
19887
21172
20192
20893
22071
22250
20516
19429
19046
21172
19658
19810
20516
19127
20516
22276
19089
21598
21750
22314
19658
21512
20753
20770
19780
20052
19461
21393
19780
21393
21911
19518
21393
19135
19658
19062
20516
21032
20656
19399
19488
19607
21636
20516
19615
21555
21458
19810
20737
19984
19879
21750
19852
20877
20516
20516
21539
20370
20435
20516
22217
19593
20591
21318
20150
21474
19097
20915
21776
19283
22098
21539
19372
19283
19372
19810
19160
20516
19690
20435
20516
19941
21890
19933
20737
21253
22039
19755
19194
19100
20397
20516
22039
20958
21717
22071
19755
21415
19089
22039
20001
19216
19933
20575
19836
21911
19755
19810
21474
20214
20079
20419
20656
19097
19712
20893
19658
19585
19615
22136
21750
19933
20516
19054
19232
19054
21172
22110
19780
20133
20150
22314
20397
19674
21776
20494
19585
22373
21431
19623
20516
20796
19682
19658
20753
19046
22179
19089
22110
22217
19372
19216
19372
19615
20273
20559
21911
19135
19143
20079
22357
21270
21679
19615
19780
22098
21539
20974
22292
19011
20273
21270
21393
22314
22250
19909
21091
22390
19089
22055
20133
20214
19704
20494
19810
20834
20931
20672
19356
19097
19747
19810
19127
19836
19380
20834
21679
20672
19380
20672
19844
20516
19330
20150
19810
19810
22071
19089
20478
22071
20656
21750
20079
19127
19658
19330
20630
20818
19836
19992
19577
19160
19011
19372
21750
19321
21733
19755
22071
19810
20273
19062
20273
20273
22411
20737
19798
19348
20370
20834
20575
22195
20516
22276
21610
21750
21172
19283
21873
19909
22098
20958
19992
20516
21091
19267
21776
19712
19852
19291
21512
19020
21113
21679
21253
19453
20451
20516
19810
19062
22039
20435
20419
21814
19674
20656
19372
19194
21113
20877
20311
19054
19720
21393
19976
22179
20893
21210
19658
22055
20397
19810
19968
22250
19194
21059
19720
21695
19526
20230
21792
20370
19542
19909
22098
19143
19372
19135
22039
21210
21830
19410
20893
21750
19372
21296
19348
19968
19992
20036
20516
20516
20931
19186
20516
20834
19976
19020
19607
19810
20796
19275
19283
19607
19623
19020
21512
19852
21377
21296
20893
19020
20516
20915
19615
19518
19518
21490
19372
19178
19330
19658
19119
19780
20516
19372
19119
19267
22250
20656
22179
19941
22071
20672
19399
21490
19674
19658
19054
20915
19615
21512
20133
21059
20052
20516
22411
20079
19518
21954
19372
21598
21318
21555
19810
19658
19844
21296
20516
20893
19305
21750
19410
21814
20354
19429
19208
21393
19933
21172
19720
21296
21016
20397
20672
21253
20559
21750
20010
19810
21458
19607
21199
20230
21253
20273
19291
20575
19607
21636
19810
19054
19151
21512
19291
21431
20001
21857
20257
19933
20672
20338
19879
20230
22250
19810
21032
19356
19372
22250
20850
21199
19992
21539
21610
19780
19135
19810
21733
19984
20370
19950
21873
21598
19062
20516
22110
20419
19631
19933
19933
19291
20451
22110
19798
20850
21172
20834
19712
19810
19933
19070
21750
20958
20770
20370
20958
21172
19658
21911
19933
19755
20516
20532
19259
21598
20290
20532
20516
20214
19470
21172
22217
19240
19992
19275
21172
19810
19810
19399
19119
19585
19607
19119
19976
20710
19291
19119
21130
21636
19798
21750
22071
21172
21270
20834
21970
20370
19291
19780
21598
21733
19518
21490
20273
21377
19925
19933
22110
20494
20613
19194
20052
19194
19194
21393
20672
21733
21113
21776
21598
19372
20656
19135
20079
20591
21415
21750
20877
19372
19810
19534
21091
19615
20834
21032
21172
20770
20834
19623
21172
22276
19232
19240
20958
20214
19054
20834
21512
19780
21334
19089
19020
20516
22276
19313
19143
19232
20850
19712
20931
21253
19941
19992
21652
19372
20478
22276
19488
22071
19933
19127
20516
21512
20370
19526
20214
20516
19810
19526
19828
20699
19038
21075
19933
19151
19020
19623
21750
19283
20010
21636
22039
19119
21350
22217
19402
19232
20338
21415
22330
19615
21814
20796
19372
21695
21555
19615
19607
19518
19437
19941
21334
21172
19232
21997
19569
19135
21750
19275
20575
20672
19259
20338
20516
19410
19232
21571
19054
19810
21350
21512
19291
19240
19585
22250
21792
21237
20877
19372
21555
22233
20435
21750
22152
19410
19739
20818
21490
21750
20877
21172
19402
22179
19216
20591
20516
20591
21571
20516
20672
19810
19810
19054
19895
19283
21113
19216
21458
20516
20001
19887
22250
19119
21911
19194
20834
19372
19887
19682
21296
20370
19585
20010
20370
19348
19470
20915
21172
19763
19216
21377
19453
19267
21130
19453
19461
19810
19364
19330
21750
19658
21555
19119
21512
19615
19933
21156
21750
20850
20915
21857
21717
19356
21830
21750
19810
21156
19240
19933
19658
19089
20052
20613
22373
20559
19011
22411
20192
20397
20036
20516
22314
20834
22098
19933
20591
22276
21253
20150
21490
20974
20818
19780
21750
22411
19682
20516
22314
20516
19810
21350
19348
19712
20311
20516
20516
19194
19810
22314
19356
19399
19879
20516
20001
19062
22276
19216
20796
22314
19607
20478
19771
19534
19755
20516
22314
19372
21172
20290
22373
19216
19992
20559
19119
19372
19577
19194
21458
19046
21059
20575
19160
19054
22233
22292
19305
19810
20796
21750
19429
19593
19372
20850
19925
20397
20915
19526
20893
20958
20370
22098
20230
19526
19666
19801
22357
19020
20435
22179
21156
20516
19771
20052
20559
20273
19437
19968
20290
19119
19860
20974
20150
21636
20850
19208
19810
20516
21270
19577
22373
21997
20958
19143
21334
19992
19810
19755
21814
21059
19232
20478
19240
19658
20273
19011
20818
21318
19844
19062
20010
21393
19658
19747
19658
20770
21997
21555
21512
19488
19968
20516
21032
19810
20214
21172
22098
19755
20370
19810
19291
19771
20397
21334
19755
22195
20010
19682
20737
20516
21415
22250
19623
20214
20516
19011
19151
19259
21652
19100
19330
20958
19771
20516
19089
20877
19810
21172
19119
19135
20834
19810
19658
19917
20834
20478
19690
21938
19585
20311
21296
19739
19755
21490
21172
19372
20516
21512
19194
22233
20397
19062
19305
19933
21873
19194
22276
19909
19127
21393
21172
19810
19518
19860
19100
21814
19682
19755
19194
21555
19119
19070
20532
21636
20451
21172
21598
21415
19038
19046
21873
19364
20230
19038
19496
20516
19194
19771
21059
21172
19020
20214
19500
19445
19755
19640
20915
19305
20591
21652
20273
22098
19399
19780
19950
20958
21539
19640
19933
19534
19321
20915
22276
22314
19240
22390
22110
19879
22039
22098
19690
20818
19887
22438
19054
19933
19127
19755
19704
21938
19658
21130
19160
19933
20516
19070
20451
21130
19658
19771
21555
19062
19836
20516
20737
21750
21512
19160
21750
21750
20419
20052
20796
19216
19720
19771
19267
19259
20796
20796
19232
20176
19399
21776
20192
21636
19828
21873
20559
19402
19232
21750
20516
19623
19623
19380
21890
19585
20796
20150
20591
19810
20397
19747
21490
21032
20079
19933
22136
22250
19062
21717
20516
19984
22357
19259
19739
19330
19615
22314
20311
20273
19194
19542
20516
21172
22071
20010
21750
22012
20095
21857
19216
20516
21172
21270
21172
19216
19631
21695
19615
19992
21750
19810
20796
20834
19275
19429
22071
21172
21458
20591
21814
19658
20672
21750
20737
21415
20052
20036
21415
19810
21750
19259
20079
19089
20451
19208
21555
19810
19810
19895
21750
20850
19682
20230
22110
20435
21458
19275
19097
20710
19372
19313
19658
20834
19577
19615
21474
21458
19631
19518
19372
20478
20834
20575
19020
19160
19810
20478
19933
21199
20958
22390
20419
21270
20834
21750
20397
22110
19763
19178
19810
21830
19518
21997
20796
20095
20656
21970
22071
21253
20710
21377
21199
22071
19810
20150
21679
19844
21059
19631
20958
21318
19801
20516
20974
19240
22110
21393
20958
20516
19011
20079
22250
20001
19810
20672
20516
20214
22411
19615
20001
20877
22098
20516
21415
19127
20834
21750
20559
21750
19801
20737
22250
19020
19615
20630
20559
21512
22233
19526
21253
21814
20419
20036
20559
20656
21750
19100
20770
19151
20818
19399
20737
22250
19810
19852
19615
19895
19810
21652
19607
19372
19283
19879
21750
20451
19062
19062
19321
21113
20370
21750
20516
21890
20036
19224
20354
21652
19615
19372
20516
20516
20699
20753
21490
21210
19623
19151
21091
22179
20532
21393
19992
21512
19356
20672
20150
21415
21415
19178
21830
19232
21512
20370
22292
21172
19259
20656
19801
20710
19100
20001
20516
22411
19313
20834
22314
21431
19810
19054
20036
20818
19577
19844
20311
19810
19054
19933
19054
21393
19445
19550
22071
20290
22110
21016
19437
19062
21636
21431
19348
21458
19372
20516
21750
19518
21911
19224
20273
20290
22195
21792
20052
21296
20036
22357
21318
20036
19810
21032
20052
21750
20176
20354
20958
21679
22179
19755
19216
21512
19704
21253
20273
20001
19992
20958
20516
19364
20516
22071
21679
20273
21750
21911
19488
19810
19542
19569
21750
22390
19003
21210
19020
21938
20516
19682
19860
19933
19682
21075
20176
20958
20516
20915
19496
19453
19810
21296
19844
20796
19062
19879
19682
21393
20494
21512
20052
20117
20893
20001
19658
21172
19119
20516
19879
20516
19089